# Series A

359.91, 363.55, 309.47, 286.08, 321.19, 294.76, 349.55, 323.36, 358.11, 356.55, 343.32, 324.14, 344.53, 329.42, 357.22, 360.44, 344.97, 358.17, 353.28, 321.78, 344.65, 293.82, 357.06, 320.44, 366.22, 366.41, 322.63, 358.35, 303.87, 331.52, 355.77, 340.91, 357.47, 349.31, 332.13, 358.54, 342.87, 351.57, 368.71, 334.12, 343.09, 291.66, 351.64, 320.48, 356.61, 364.25, 334.98, 359.11, 310.65, 344.92

# Series B

421.25, 378.89, 352.4, 399.43, 369.36, 323.84, 351.87, 374.73, 335.59, 406.22, 338.06, 384.63, 384.53, 350.99, 381.21, 414.15, 394.0, 388.76, 366.39, 344.3, 384.33, 372.6, 311.48, 386.13, 335.28, 333.14, 347.73, 375.45, 405.01, 386.54, 371.46, 352.82, 359.27, 378.8, 380.69, 401.08, 382.2, 363.96, 369.7, 357.84, 371.29, 358.14, 382.3, 378.25, 370.89, 357.37, 364.15, 387.5, 376.67, 376.83

# Series C

317.2, 333.67, 408.04, 389.24, 297.47, 382.32, 352.12, 384.68, 330.58, 457.31, 420.88, 287.99, 354.56, 340.64, 308.56, 357.78, 372.53, 372.44, 354.1, 214.88, 441.98, 500.14, 374.77, 358.9, 373.98, 381.24, 338.74, 279.89, 476.16, 299.05, 355.16, 351.99, 439.02, 305.08, 352.03, 384.5, 348.88, 390.9, 396.95, 296.4, 335.71, 319.67, 342.02, 246.38, 361.72, 380.67, 388.44, 356.6, 479.06, 375.17
